0 8.305253609389465e-06
1 3.654600528406481e-05
2 8.305253609389465e-06
3 1.9239270419246735e-05
4 3.654600528406481e-05
5 2.4816966881680176e-05
6 8.305253609389465e-06
7 2.6408109728209668e-05
8 2.6408109728209665e-05
9 8.305253609389465e-06
10 8.305253609389465e-06
11 8.305253609389465e-06
12 2.8685613514465102e-05
13 8.305253609389465e-06
14 8.305253609389465e-06
15 8.305253609389465e-06
16 8.305253609389465e-06
17 1.892939839355599e-05
18 8.305253609389465e-06
19 8.305253609389465e-06
20 1.419282209751359e-05
21 1.3263206020441358e-05
22 8.305253609389465e-06
23 8.305253609389465e-06
24 1.2023717917678388e-05
25 8.305253609389465e-06
26 8.305253609389465e-06
27 1.2023717917678388e-05
28 8.305253609389465e-06
29 8.305253609389465e-06
30 8.305253609389465e-06
31 8.305253609389465e-06
32 8.305253609389465e-06
33 8.305253609389465e-06
34 4.179088966216923e-05
35 0.00025569783330765805
36 0.00021061088337859195
37 1.0888655764974323e-05
38 1.921300474019752e-05
39 1.0888655764974323e-05
40 8.305253609389465e-06
41 8.305253609389465e-06
42 2.3672682203585743e-05
43 2.6256084359170617e-05
44 0.00022002322061559664
45 8.305253609389465e-06
46 8.305253609389465e-06
47 9.102067389737088e-06
48 0.0002088242950033547
49 8.305253609389465e-06
50 8.305253609389465e-06
51 8.305253609389465e-06
52 3.3762460600241995e-05
53 8.305253609389465e-06
54 8.305253609389465e-06
55 1.3186429576476838e-05
56 0.0010401567039929481
57 8.305253609389465e-06
58 0.00021140769715893956
59 8.305253609389465e-06
60 9.102067389737088e-06
61 9.102067389737088e-06
62 1.780491034517858e-05
63 8.305253609389465e-06
64 1.2545240397872857e-05
65 1.2545240397872857e-05
66 8.305253609389465e-06
67 8.305253609389465e-06
68 8.305253609389465e-06
69 8.305253609389465e-06
70 8.305253609389465e-06
71 8.305253609389465e-06
72 1.1094101840606165e-05
73 8.305253609389465e-06
74 8.305253609389465e-06
75 8.305253609389465e-06
76 8.305253609389465e-06
77 8.305253609389465e-06
78 7.526706988291373e-05
79 9.710027035377725e-05
80 4.29849684595389e-05
81 8.305253609389465e-06
82 1.20237179176784e-05
83 7.3225719712916e-05
84 8.305253609389465e-06
85 8.305253609389465e-06
86 8.305253609389465e-06
87 2.640810972820968e-05
88 2.017140036291758e-05
89 1.7454980013829097e-05
90 8.305253609389465e-06
91 8.305253609389465e-06
92 2.0171400362917573e-05
93 2.202811865046346e-05
94 8.305253609389465e-06
95 8.305253609389465e-06
96 8.305253609389465e-06
97 8.305253609389465e-06
98 1.7454980013829097e-05
99 8.305253609389465e-06
100 2.640810972820968e-05
101 1.7454980013829097e-05
102 8.305253609389465e-06
103 8.305253609389465e-06
104 1.2023717917678402e-05
105 8.305253609389465e-06
106 2.2961482685748937e-05
